514804654656
550284560
11149210
467200206482
756848
38213
1889861
119948
80367
3662932
444090
31972252
62070480
45262
309579924240
475179
90553262328
66729555545
724074914
17767928
2560029712
139162023
4108510675
730225295800
191273479
24014
3170049855
17497004
77861
14760702
47054938986
245109678869
107338
50791486
154574
64682
2119762834
757577165
968445130
48704
2594592712
66849727
12535
1083951993315
74679
7213
71960284368
26355
1332857608
5875331359
796291
4104029772
90862
129962292
1005120984
235812831
14284082548
1105351546
2531995452
996
11670036071735
1788419
26489532
14651965
17896836360
21559739144
161040938
24658
11973237
24233855760
25346451402
103816224
12013213884
291755579832
94134342
50569558
8857275
12858196005
74362201
7647576
1210868
360736949
994
16653868
21275
11503695663
170936
7787754864
1499341536
11938080513
674631
433030715
357347708
390127
16587
348636073
208
329702381
4110638760
408507750
8939
8172416
1173444710
13970
10268208
507188
2614629
160058
1466624
258359
335746944
151581
36873809838
57040
1323521
126602581
37231621
378245691
17911575
2451450096
744828
228185853457
143262
35985960
361922146
106693223
25783005129
46970463
34220219766
972910
2536640163756
4446535
25773338801
18383586
838792668
166336067643
28768332
1983940029260
20073
6295502444983
625451312106
58012468365
612
475992
202216
69325004
13775469
138624078936
663554945
40584312813
95679409411
722570
3177542358
255780
5046784
1613251616342
101757114
1828860580
5219827388
253898128381
86329
66304736
291731004
155674007
41172
302443737
8444570
1287692170834
8341371
34855722
13193
281276388
4509779
980154897
56685
9907487
3045605
756114831705
44364150
9470128
668508727
28512476
2283370110
18979758
63112449
63319
105555
2297062863
15317357
401386104670
5209602
880741851
6758360386
696880841
18784073
374205870
27373632
25753
15643071801
1676583792
12637781177706
444076
11473715131
4072790710
386014084
239717638116
69267
13007905
1867758
80412353
34501883486
399
7811401
23025
6492731
97388864
6130488587
102349446753
27462
14886049
27924372
4278910285091
582269
2056402
1465721
47123635
365464804752
1206765
36286612
606805910445
8118915
23093605
66096
249067472850
484589925
4764000
2127069648
172724878242
42787459
503872340
375878215
249404724
4062605175
166626
3757350754
7410031092
599520480
5055186
817930
78055
991391416
16501139
67272
7833
16841448
8755641152
314833
37821199
68037
12169
2074416745568
21529668
23679826
1976181368
5720227920
80
95751
1193844
618
134504040
9974270922
524976
53408
549037122
268369553
467403440859
1529
561465169816
7095816048
1944474
919352
289102
2547039
5952
174187545164
435943
120495
275244
109194482460
23206677
41656348
67534816
151833900
6105728
1000808
33651575
24327275
24781580
53164806
78328195
56536101673924
15006729326
4101530411104
9231004
1138348341054
41812992
97285149
91416
28303257
15377
1115
25686438
75658674293
189983375
87390065
1569736364
16056854
791586387
1622258023
4927734397792
8665720140
3256295
